0, 0 0 0;
1, 7 7 7;
2, 31 31 31;
3, 63 63 63;
4, 63 18 18;
5, 63 0 0;
6, 21 0 0;
7, 6 0 0;
8, 63 46 26;
9, 63 20 0;
10, 21 7 0;
11, 9 6 0;
12, 63 63 18;
13, 63 63 0;
14, 21 21 0;
15, 6 6 0;
16, 33 63 18;
17, 20 63 0;
18, 7 21 0;
19, 4 10 0;
20, 18 63 18;
21, 0 63 0;
22, 0 21 0;
23, 0 6 0;
24, 18 63 23;
25, 0 63 6;
26, 0 21 3;
27, 0 6 0;
28, 18 63 33;
29, 0 63 21;
30, 0 21 7;
31, 0 7 4;
32, 18 63 45;
33, 0 63 37;
34, 0 21 13;
35, 0 6 4;
36, 18 48 63;
37, 0 41 63;
38, 0 16 20;
39, 0 3 6;
40, 18 33 63;
41, 0 21 63;
42, 0 7 21;
43, 0 1 6;
44, 18 18 63;
45, 0 0 63;
46, 0 0 21;
47, 0 0 6;
48, 33 18 63;
49, 20 0 63;
50, 6 0 24;
51, 3 0 11;
52, 63 18 63;
53, 63 0 63;
54, 21 0 21;
55, 6 0 6;
56, 63 18 33;
57, 63 0 20;
58, 21 0 7;
59, 8 0 4;
60, 63 5 0;
61, 37 13 0;
62, 29 20 0;
63, 16 24 0;
64, 0 14 0;
65, 0 21 13;
66, 0 20 31;
67, 0 0 63;
68, 0 17 19;
69, 9 0 50;
70, 31 31 31;
71, 7 7 7;
72, 63 0 0;
73, 46 63 11;
74, 43 58 1;
75, 24 63 2;
76, 3 34 0;
77, 0 63 33;
78, 0 41 63;
79, 0 10 63;
80, 15 0 63;
81, 30 0 63;
82, 43 6 30;
83, 15 8 0;
84, 63 18 0;
85, 33 55 1;
86, 28 63 5;
87, 0 63 0;
88, 14 63 9;
89, 21 63 27;
90, 13 63 50;
91, 22 34 63;
92, 12 20 48;
93, 33 31 57;
94, 52 7 63;
95, 63 0 22;
96, 63 31 0;
97, 45 43 0;
98, 35 63 0;
99, 32 22 1;
100, 14 10 0;
101, 4 18 3;
102, 3 19 13;
103, 5 5 10;
104, 5 7 22;
105, 25 14 6;
106, 41 0 2;
107, 54 20 15;
108, 53 26 6;
109, 63 55 9;
110, 39 55 11;
111, 25 44 3;
112, 7 7 11;
113, 54 63 26;
114, 31 63 46;
115, 38 37 63;
116, 35 25 63;
117, 15 15 15;
118, 28 28 28;
119, 55 63 63;
120, 39 0 0;
121, 13 0 0;
122, 6 51 0;
123, 1 16 0;
124, 45 43 0;
125, 15 12 0;
126, 44 23 0;
127, 18 5 0;

